#user probabilities: user 0: 0.09742483650256 user 1: 0.40468106772459 user 2: 0.23529265941813 user 3: 0.26260143635472
86 37 10 24 
12 10 15 8 
13 22 39 1 
13 34 7 3 
25 16 6 13 
9 45 8 3 
12 3 27 6 
39 9 31 19 
12 9 16 29 
1 9 8 8 
9 7 11 19 
10 1 2 1 
32 10 22 2 
15 6 6 0 
17 5 7 6 
35 6 4 4 
49 1 3 54 
18 17 9 37 
5 3 20 10 
6 42 16 1 
15 12 3 1 
0 14 1 9 
0 10 1 19 
76 6 2 23 
12 6 26 1 
4 7 1 5 
21 26 0 27 
37 19 0 5 
11 4 8 5 
67 11 0 38 
4 1 20 2 
11 56 1 23 
10 39 43 9 
11 0 47 1 
48 0 0 15 
32 1 2 3 
8 13 12 4 
6 13 4 6 
26 2 10 2 
2 13 1 7 
19 1 1 1 
2 1 2 0 
2 2 18 25 
5 40 2 9 
19 20 25 22 
13 2 5 3 
7 34 6 5 
18 9 32 3 
18 1 4 12 
3 8 15 3 
21 9 2 23 
13 5 7 1 
4 6 0 11 
16 5 28 21 
7 5 4 24 
42 3 2 7 
7 8 3 6 
56 33 14 9 
12 27 8 31 
5 60 1 5 
9 1 1 28 
11 0 19 13 
9 1 11 3 
9 19 16 11 
6 38 1 2 
44 20 19 4 
25 5 4 35 
8 6 6 12 
12 8 11 23 
13 7 11 19 
17 4 1 28 
1 24 10 4 
33 14 9 13 
14 6 1 3 
24 6 3 0 
30 11 15 3 
2 6 2 8 
36 19 6 6 
1 9 5 1 
10 39 7 3 
21 0 34 2 
10 0 7 1 
11 13 2 3 
6 29 7 4 
7 13 30 2 
12 5 9 7 
47 33 12 4 
45 2 9 8 
3 8 16 8 
15 3 13 38 
39 24 3 1 
29 14 8 1 
8 7 3 16 
30 19 4 12 
26 41 0 10 
2 10 3 3 
2 44 19 10 
4 9 10 1 
10 20 2 2 
13 14 3 19 
2 8 12 23 
6 38 10 0 
51 12 12 0 
4 23 4 3 
34 1 29 0 
19 9 1 0 
8 4 3 18 
57 7 13 1 
54 5 36 2 
7 10 3 3 
4 25 3 5 
26 9 13 8 
19 11 10 3 
3 13 4 7 
50 8 4 20 
58 0 30 22 
8 26 1 10 
12 5 23 10 
5 2 0 34 
21 15 9 3 
8 2 9 6 
30 23 37 12 
8 4 10 4 
7 9 2 11 
10 4 4 19 
20 3 8 20 
8 9 21 41 
6 6 4 9 
14 22 1 4 
23 0 0 1 
8 11 5 10 
3 9 4 8 
36 12 6 7 
33 28 5 2 
11 3 2 12 
17 6 4 1 
6 5 6 32 
10 7 0 12 
1 5 5 2 
44 13 14 14 
6 2 3 1 
1 11 3 6 
32 5 2 5 
29 7 8 0 
33 28 57 2 
8 0 30 5 
9 4 9 3 
56 4 0 3 
10 3 4 6 
36 10 31 11 
54 1 1 13 
17 9 16 5 
11 16 11 15 
27 10 2 1 
35 15 5 15 
0 6 0 5 
20 5 24 7 
48 20 2 19 
53 3 10 7 
25 5 28 2 
2 9 36 17 
2 1 32 27 
35 5 14 18 
24 16 4 4 
2 2 20 53 
72 48 21 24 
4 7 6 24 
27 5 1 18 
41 1 12 37 
3 11 27 0 
50 12 21 10 
9 1 51 6 
6 21 6 3 
32 4 2 41 
24 10 25 6 
50 47 4 16 
1 42 17 2 
16 14 2 7 
8 0 2 11 
3 2 1 5 
59 10 12 14 
36 21 15 8 
10 12 0 4 
19 5 2 10 
7 32 21 22 
19 0 5 30 
2 9 11 3 
20 17 12 9 
7 5 5 2 
3 1 14 8 
27 17 25 5 
2 0 0 6 
68 24 4 9 
45 15 9 37 
5 3 3 21 
59 23 7 3 
4 22 6 4 
60 2 24 12 
50 18 1 0 
32 1 7 15 
74 18 5 21 
13 34 22 13 
3 1 10 1 
50 1 5 1 
50 19 6 21 
63 5 10 22 
2 14 30 23 
30 6 13 15 
4 1 12 11 
0 8 6 2 
17 0 3 7 
2 11 11 0 
10 1 27 4 
9 8 3 6 
4 2 5 37 
17 1 15 14 
3 6 7 2 
47 23 4 7 
40 9 55 38 
3 11 0 8 
20 29 28 0 
10 2 7 9 
8 22 10 28 
46 5 14 0 
25 2 2 10 
0 8 1 22 
1 1 23 2 
25 25 15 5 
30 13 6 2 
33 24 19 2 
24 6 1 10 
24 21 12 6 
80 23 1 0 
8 3 25 5 
7 17 10 0 
20 5 6 6 
73 19 12 16 
21 7 46 5 
36 1 0 8 
52 13 47 24 
14 1 28 21 
5 20 4 8 
17 24 10 3 
4 56 12 2 
30 5 39 6 
29 36 19 10 
1 21 2 46 
13 2 26 0 
5 21 26 6 
20 2 0 2 
1 11 7 3 
17 2 6 5 
11 6 19 2 
8 12 21 5 
12 0 5 33 
4 4 45 5 
2 25 22 13 
1 24 37 1 
12 6 5 1 
15 16 6 38 
3 3 2 6 
44 1 20 5 
1 3 5 3 
13 4 12 9 
4 9 5 3 
9 4 5 19 
25 14 27 3 
12 5 3 8 
17 7 0 7 
13 24 22 8 
2 3 19 8 
14 7 2 12 
82 9 36 5 
35 5 3 8 
1 2 20 6 
13 1 1 1 
14 1 9 71 
56 7 9 0 
19 5 10 1 
35 17 20 17 
7 19 2 1 
2 7 13 2 
16 9 11 1 
17 14 2 1 
28 14 1 12 
3 13 15 14 
0 5 25 19 
2 16 13 5 
14 24 8 10 
7 3 17 19 
25 6 27 4 
2 1 6 19 
26 9 9 21 
4 4 12 2 
19 9 1 13 
6 15 2 16 
17 13 7 21 
39 3 15 9 
20 13 27 13 
23 5 10 6 
36 2 4 0 
12 46 3 1 
14 3 20 16 
73 41 11 8 
19 1 7 7 
7 3 1 30 
36 77 13 8 
8 4 49 2 
12 5 2 25 
7 6 0 17 
21 23 11 10 
34 3 3 6 
7 13 31 9 
37 0 9 12 
0 4 3 4 
15 3 8 54 
16 15 27 19 
3 32 13 15 
30 4 6 9 
16 12 1 20 
6 0 7 1 
0 1 21 0 
7 1 6 19 
8 30 21 22 
20 17 15 14 
23 7 9 7 
25 39 1 3 
17 2 2 20 
4 12 0 2 
23 23 3 0 
57 12 21 3 
16 14 2 2 
12 31 36 2 
8 8 12 1 
12 16 5 1 
49 9 29 1 
4 31 4 20 
29 9 23 13 
4 15 0 13 
10 3 30 21 
2 26 0 6 
10 13 9 20 
11 29 28 4 
11 22 7 9 
28 16 7 8 
6 5 4 6 
1 4 2 7 
13 2 5 9 
0 6 1 5 
1 11 4 7 
14 3 21 33 
1 4 10 17 
1 1 5 4 
10 12 18 7 
55 58 42 6 
2 5 0 1 
25 1 9 16 
23 21 4 2 
1 2 2 1 
12 17 25 7 
35 4 20 3 
46 12 15 19 
19 15 4 13 
1 4 24 16 
10 7 10 1 
6 28 4 4 
1 8 5 7 
6 4 0 1 
15 22 5 6 
12 2 4 1 
36 10 20 23 
43 15 14 3 
3 4 6 5 
4 15 14 3 
5 1 17 7 
9 18 11 24 
19 0 5 1 
3 13 3 35 
5 0 23 1 
27 10 6 23 
41 21 4 1 
15 0 5 15 
2 2 4 7 
50 29 6 8 
49 16 12 1 
10 24 0 10 
46 28 17 11 
13 3 9 5 
1 24 7 9 
44 20 5 0 
61 13 8 21 
16 27 7 7 
20 1 9 1 
79 10 14 22 
12 8 9 31 
25 1 4 15 
85 18 5 21 
18 16 26 8 
9 6 7 32 
7 27 7 28 
0 0 0 47 
16 15 24 0 
5 7 0 27 
15 5 14 8 
2 1 6 13 
32 5 4 2 
25 16 2 0 
19 11 39 10 
18 42 11 2 
22 9 3 22 
57 3 20 7 
17 9 0 12 
18 7 6 5 
30 14 11 7 
11 18 9 1 
9 9 14 0 
13 5 2 2 
36 7 1 16 
21 27 4 3 
11 5 32 1 
30 5 7 9 
1 1 1 7 
40 12 9 3 
3 4 3 10 
18 7 18 6 
40 24 3 8 
28 9 18 2 
40 16 3 11 
2 16 3 2 
35 5 12 12 
84 3 39 1 
13 3 17 1 
22 10 9 8 
11 19 1 2 
8 27 6 2 
20 13 25 13 
10 2 26 3 
13 10 37 6 
28 32 11 3 
3 6 5 18 
69 27 6 5 
23 8 11 0 
10 1 3 0 
25 2 17 1 
7 13 5 15 
5 5 3 93 
6 25 3 6 
6 11 4 3 
14 13 12 2 
3 4 3 8 
8 8 10 1 
19 5 3 25 
1 11 13 3 
54 38 3 2 
35 9 12 1 
3 35 5 10 
18 0 22 15 
7 1 5 11 
17 31 14 2 
7 31 2 4 
14 21 10 6 
30 25 13 10 
10 5 15 8 
7 1 3 24 
2 1 13 6 
3 0 1 13 
60 21 34 3 
27 1 10 3 
49 3 15 13 
1 6 5 6 
28 1 0 1 
4 3 38 4 
6 13 16 6 
22 23 2 10 
22 2 25 6 
5 8 14 1 
22 7 21 14 
36 3 3 9 
7 4 12 7 
13 12 19 15 
7 10 3 36 
11 6 11 1 
13 8 9 12 
84 3 21 11 
22 14 6 7 
45 12 2 2 
46 19 14 5 
11 9 2 12 
2 5 13 7 
27 4 11 3 
32 2 37 16 
10 20 7 1 
14 25 10 5 
14 15 11 6 
14 5 20 29 
35 53 12 26 
9 5 6 1 
20 1 5 6 
5 5 3 10 
3 15 13 10 
18 4 1 1 
1 13 9 8 
89 6 8 17 
9 2 16 13 
14 3 21 2 
6 3 11 6 
14 26 1 10 
18 18 4 2 
2 5 5 1 
0 27 12 0 
6 2 20 11 
7 10 6 18 
29 3 0 0 
11 12 8 31 
15 11 11 2 
9 28 5 6 
5 14 10 3 
17 3 3 21 
10 1 9 13 
22 33 9 6 
4 10 8 9 
5 75 9 14 
17 2 25 37 
2 3 7 4 
57 0 10 8 
6 22 6 11 
54 41 5 10 
46 33 1 1 
14 10 13 13 
16 4 7 2 
11 5 2 7 
18 10 21 8 
18 7 1 20 
6 9 8 2 
13 28 20 5 
36 30 8 4 
13 2 1 1 
11 9 3 21 
43 5 6 7 
56 3 1 8 
22 2 6 32 
24 36 2 2 
38 0 11 12 
54 2 1 6 
7 2 7 14 
21 14 11 8 
1 0 1 0 
6 2 9 30 
7 52 27 0 
54 1 3 16 
2 25 8 1 
123 10 7 4 
23 43 1 4 
22 13 28 13 
23 54 16 35 
3 5 29 6 
7 22 7 3 
53 15 0 1 
18 9 1 9 
2 11 26 16 
17 37 2 3 
19 1 0 4 
1 17 4 2 
2 3 11 5 
1 1 11 61 
36 13 1 6 
5 2 1 4 
29 39 1 4 
48 4 11 8 
8 12 23 5 
9 2 10 6 
10 3 21 6 
8 8 7 2 
3 8 11 4 
22 14 12 6 
20 18 20 8 
1 7 1 5 
1 54 16 6 
3 5 28 8 
16 17 0 23 
5 8 1 5 
79 15 14 11 
10 6 2 1 
4 37 11 3 
10 16 10 6 
26 6 30 23 
25 22 7 3 
18 8 3 18 
57 4 3 26 
0 32 10 5 
8 16 7 7 
22 1 15 1 
37 5 9 9 
25 8 7 6 
8 35 15 33 
11 35 18 5 
5 0 4 3 
56 27 12 3 
19 2 17 4 
5 9 6 1 
39 49 13 9 
13 2 0 18 
2 18 19 8 
25 11 27 35 
19 3 3 8 
2 25 21 13 
0 12 1 3 
3 8 5 0 
12 1 11 29 
5 13 18 4 
11 11 24 2 
5 19 2 19 
0 5 6 1 
5 4 22 3 
47 30 8 1 
10 23 1 19 
45 15 18 1 
9 11 7 17 
4 5 47 5 
3 2 3 1 
13 14 3 13 
62 1 41 21 
0 8 33 5 
8 1 3 3 
28 1 5 2 
20 21 35 19 
4 34 3 4 
1 9 6 8 
5 14 4 2 
30 4 1 17 
26 68 3 1 
1 8 4 17 
16 14 37 2 
14 30 1 12 
38 5 69 26 
37 7 8 1 
2 18 3 24 
1 4 14 15 
6 38 23 4 
12 3 2 0 
45 1 3 6 
1 4 1 22 
19 2 19 7 
16 5 9 11 
2 19 10 2 
2 4 31 4 
6 20 13 13 
0 22 15 24 
62 50 5 51 
7 7 24 26 
17 15 6 2 
1 43 19 1 
28 6 4 19 
25 3 3 51 
0 28 14 0 
27 8 33 12 
12 4 14 13 
27 11 12 4 
7 1 8 4 
1 5 7 17 
25 16 13 6 
65 26 7 44 
31 2 0 8 
20 43 4 1 
6 46 21 0 
16 9 5 21 
18 24 3 11 
4 14 7 26 
11 2 5 5 
1 21 6 19 
0 7 6 10 
10 13 15 11 
20 11 13 3 
2 1 1 12 
50 5 5 1 
1 22 1 7 
0 7 25 1 
6 4 27 3 
25 4 28 1 
89 13 17 10 
6 8 23 4 
14 57 1 6 
8 7 9 5 
6 11 22 3 
1 17 4 4 
1 3 9 15 
15 8 26 8 
3 14 2 5 
3 1 17 12 
1 22 2 5 
6 15 16 7 
8 11 18 5 
9 2 13 5 
9 3 3 25 
26 1 7 22 
31 13 4 32 
24 1 12 15 
48 19 2 2 
14 30 14 18 
15 9 3 24 
20 28 5 0 
3 9 33 23 
20 6 18 6 
1 1 6 15 
4 1 9 1 
37 15 4 4 
20 0 3 2 
14 7 1 2 
8 7 2 7 
67 2 5 10 
16 2 1 10 
6 8 6 6 
15 54 9 5 
24 22 16 4 
37 37 9 5 
9 12 9 12 
2 16 2 1 
43 10 12 6 
28 16 1 0 
5 9 8 14 
14 1 2 3 
48 27 10 15 
36 2 2 3 
30 14 32 20 
11 2 29 4 
25 11 17 7 
8 25 8 8 
10 0 4 24 
2 7 2 0 
8 15 18 2 
39 33 6 11 
19 5 9 1 
13 7 5 2 
1 2 13 5 
1 3 28 6 
6 3 5 4 
20 8 5 41 
5 2 2 1 
2 10 16 13 
51 4 18 5 
27 2 11 16 
9 5 2 5 
15 1 23 16 
7 3 2 36 
26 9 35 35 
25 2 1 18 
23 21 9 10 
3 5 0 22 
15 13 13 24 
0 25 4 8 
78 3 5 4 
11 9 4 2 
1 3 2 16 
8 3 11 1 
1 3 13 2 
16 15 1 1 
10 17 0 5 
20 5 34 10 
15 4 29 37 
35 3 2 24 
11 4 14 16 
14 5 21 8 
15 9 15 1 
5 19 3 10 
16 4 0 2 
19 54 20 2 
7 17 2 2 
63 4 1 5 
17 18 2 1 
2 0 12 11 
16 6 18 16 
4 0 6 14 
7 8 42 28 
12 20 1 14 
16 4 27 7 
16 42 30 2 
26 2 3 20 
3 29 8 13 
7 5 8 7 
9 38 4 11 
11 3 11 23 
1 15 12 10 
79 10 2 8 
15 1 13 3 
5 35 2 5 
38 14 1 2 
0 12 13 5 
17 39 0 0 
5 13 28 3 
9 10 27 4 
3 1 26 12 
3 11 53 5 
15 2 15 5 
33 22 10 17 
12 4 2 1 
5 3 1 6 
42 51 14 3 
16 12 11 13 
23 9 6 20 
2 6 3 11 
16 52 1 5 
35 13 3 4 
51 6 5 2 
19 7 10 7 
10 5 17 44 
62 6 14 11 
52 2 8 1 
15 17 14 1 
27 19 8 9 
12 14 25 5 
2 4 9 13 
23 2 3 1 
13 1 1 6 
12 20 1 5 
57 12 6 7 
10 2 11 2 
61 1 15 5 
31 12 19 23 
44 6 11 9 
15 27 14 0 
55 19 7 5 
18 10 17 8 
5 3 1 9 
9 14 16 4 
30 9 16 9 
3 10 8 1 
56 2 12 6 
1 5 8 39 
3 37 5 15 
14 2 5 13 
9 6 5 13 
2 2 1 20 
20 20 7 16 
10 38 21 4 
2 8 19 1 
36 4 1 0 
6 8 17 15 
20 1 8 0 
14 26 15 9 
0 20 7 10 
19 35 7 0 
46 4 5 0 
31 2 2 10 
12 3 12 13 
26 6 8 5 
15 1 5 1 
53 2 12 30 
54 2 10 8 
2 1 10 0 
8 36 0 2 
3 2 18 9 
10 7 5 2 
38 23 9 5 
47 32 7 19 
1 2 18 70 
7 6 9 5 
12 2 6 17 
2 7 38 3 
17 17 20 0 
4 2 2 1 
1 15 7 30 
20 31 18 12 
1 11 13 4 
0 4 15 6 
11 2 4 8 
17 3 16 2 
0 11 2 2 
29 5 4 17 
1 16 16 12 
21 10 6 13 
4 1 1 2 
9 20 12 16 
66 32 5 8 
4 1 15 2 
24 32 6 7 
7 14 4 4 
11 1 1 1 
19 8 18 16 
17 24 50 32 
22 12 16 10 
16 1 3 14 
4 34 34 23 
40 5 6 2 
1 14 8 6 
27 11 9 5 
2 5 3 11 
5 3 11 24 
34 6 9 5 
13 17 2 12 
24 1 10 9 
13 50 16 7 
22 4 54 6 
43 9 20 37 
45 0 12 1 
5 4 0 1 
22 11 7 2 
9 12 22 1 
26 7 12 2 
11 6 15 1 
24 16 9 9 
6 6 10 2 
11 3 4 10 
14 5 14 2 
57 2 5 4 
30 3 6 7 
22 1 15 1 
12 8 3 2 
5 18 17 7 
4 5 13 9 
17 50 3 1 
8 35 4 3 
2 13 10 23 
40 53 6 8 
1 2 12 7 
21 27 13 21 
22 8 5 19 
35 1 7 6 
1 14 8 5 
20 21 12 14 
13 3 12 4 
5 1 27 3 
6 10 18 26 
12 8 18 2 
61 2 0 16 
5 8 3 3 
4 17 11 17 
17 4 10 1 
15 3 6 15 
8 5 1 9 
44 22 9 5 
8 5 9 3 
14 10 1 14 
1 4 0 2 
1 12 0 10 
49 11 14 6 
36 2 3 2 
11 4 18 4 
3 5 14 6 
23 3 15 2 
32 21 42 18 
3 56 0 2 
19 1 22 8 
21 10 0 7 
22 3 13 1 
14 8 7 10 
35 2 1 8 
11 21 16 3 
21 16 1 16 
25 1 0 4 
4 24 27 18 
11 30 5 1 
3 1 3 11 
15 14 4 5 
39 6 27 3 
5 13 8 22 
10 11 13 1 
25 14 8 23 
16 6 15 43 
8 1 1 6 
3 5 2 11 
0 7 1 22 
34 38 2 1 
19 15 32 0 
8 12 2 1 
8 13 35 22 
1 14 24 5 
30 46 22 26 
7 0 10 4 
11 12 3 3 
18 6 4 3 
3 4 4 6 
47 7 8 3 
2 7 2 2 
3 0 9 32 
0 7 25 4 
11 8 11 21 
3 24 2 14 
6 8 59 5 
27 4 22 11 
24 6 28 17 
35 1 51 0 
2 10 38 1 
78 23 6 5 
8 1 4 7 
48 7 3 2 
50 3 10 11 
14 7 5 3 
34 4 1 11 
8 0 12 5 
17 12 8 8 
13 31 51 19 
80 4 5 23 
25 11 1 10 
36 14 4 5 
3 14 10 35 
58 12 11 3 
22 4 13 3 
56 3 21 6 
3 22 4 1 
3 12 0 19 